1083266694 16150
1083267509 16150
1083267559 15989
1083267596 15583
1083267601 15522
1083267605 15453
1083267609 15350
1083267612 14857
1083267615 14376
1083267619 14187
1083267623 13773
1083267627 12921
1083267630 12839
1083267633 12446
1083267637 12370
1083267640 11835
1083267644 11552
1083267647 11084
1083268374 11084
1083268498 11085
1083268605 11084
1083268975 11086
1083269822 11092
1083274798 11085
1083278035 14052
1083310768 14052
1083343074 14052
1083431042 14055
1083433930 14055
1083434269 14061
1083440977 14073
1083441909 14088
1083441954 14088
1083447523 14088
1083447680 13718
1083447840 13720
1083451021 13719
1083451508 14169
1083452005 14157
1083453077 14159
1083453366 14160
1083457683 14160
1083532824 14166
1083537077 14204
1083582897 14205
1083600670 14213
1083611254 14221
1083611386 14221
1083619795 14222
1083619832 14222
1083620221 14223
1083668338 14223
1083668440 14223
1083670839 14224
1083673429 14237
1083673686 14237
1083673893 14242
1083674697 14243
1083674967 14243
1083676194 14144
1083676309 14102
1083676436 14102
1083676573 14094
1083677368 13655
1083677401 14127
1083678853 14152
1083678901 14005
1083681042 14006
1083682165 14016
1083683007 14014
1083683461 13675
1083683652 13675
1083683994 13665
1083684022 13675
1083684468 13661
1083685131 13662
1083686735 13613
1083687208 13636
1083687758 13721
1083687800 13726
1083687944 13669
1083693186 13667
1083695402 13669
1083696325 13802
1083703882 13827
1083710238 13826
1083753541 13826
1083754533 13826
1083758274 13827
1083759376 13825
1083761629 13825
1083762434 13797
1083763083 13808
1083781718 13822
1083785165 13852
1083785559 13851
1083786535 13837
1083787249 13845
1083840193 13869
1083840642 13869
1083842225 13326
1083873043 13638
1083886984 13689
1083918051 13721
1083922969 13755
1084059849 13755
1084059920 13771
1084127298 13798
1084128584 13802
1084129461 13802
1084129644 13802
1084137865 13896
1084140035 13898
1084178808 14007
1084196787 13990
1084437221 13995
1084437263 13996
1084437855 13990
1084630451 13995
1084632918 14179
1084633036 14179
1084741854 14180
1084742088 14184
1084816324 14187
1084817679 14187
1084897764 14188
1086011597 14190
1086017081 14190
1086019329 14190
1086022346 14203
1086023274 14203
1086028301 14204
1086028625 14207
1086037030 14204
1086038402 14194
1086039076 14195
1086039212 14198
1086039831 14207
1086040350 14207
1086042275 14223
1086042651 14228
1086043481 14238
1086043946 14238
1086045149 14242
1086267499 14241
1086863283 14244
1087055374 14246
1087059103 14246
1087062741 14246
1088030897 14248
1088037835 14248
1088072286 14248
1088101724 14254
1088102738 14255
1088121971 14259
1088322218 14259
1088424376 14259
1088425456 14238
1088442020 14254
1088448097 14253
1088448225 14257
1088448554 14257
1088452730 14274
1088453135 14274
1088492922 14279
1088493859 14278
1088493885 14280
1088494994 14276
1088509874 14293
1088586452 14293
1088605207 14297
1088605328 14297
1088697979 14297
1088717884 14298
1088786276 14303
1088795789 14305
1088810202 14309
1088952912 14309
1089040181 14313
1089040896 14286
1089047148 14286
1089051781 14285
1089055150 14284
1089134933 14286
1089135003 14284
1089158741 14284
1089197903 14287
1089217351 14387
1089218646 14388
1089220649 14389
1089295319 14389
1089295549 14394
1089295767 14395
1089311436 14398
1089335129 14398
1089492780 14399
1089495305 14482
1089499591 14450
1089501016 14450
1089501230 14450
1089501384 14449
1089543085 14450
1089551624 14899
1089587970 14899
1089629710 14899
1089671421 14842
1089673544 14883
1089675138 14902
1089676647 14889
1089676693 14909
1089685248 14910
1089710385 14909
1089719937 14915
1089757521 14939
1089760856 14939
1089761007 14939
1089807035 14946
1089807093 14946
1089807782 14945
1089808157 14945
1089808726 14946
1089808866 14947
1089811629 14942
1089812497 14943
1089816858 14943
1089817740 14956
1089831869 15037
1089835330 15038
1089838675 15045
1089840571 15048
1089840789 15040
1089841026 15042
1089845719 15042
1089849059 15041
1089849336 15040
1089876729 15040
1089876933 15038
1089913121 15041
1089913535 15036
1089915872 15034
1089916247 15034
1089916777 15034
1089917390 15349
1089917432 15349
1089918358 15353
1089919669 16515
1089930504 16515
1089931878 16515
1089931998 16515
1089932052 16515
1089941724 16512
1089998246 16511
1090025330 16501
1090027503 16501
1090028315 16502
1090060766 16502
1090069916 16509
1090071104 16514
1090080620 16517
1090101362 16533
1090102912 16533
1090103807 16533
1090104540 16032
1090106659 16033
1090112951 16035
1090113742 16035
1090113944 16035
1090116196 16035
1090149446 16035
1090159656 16035
1090160660 16507
1090162127 16512
1090162317 16515
1090163448 16515
1090164209 16519
1090164755 16527
1090195096 16638
1090195483 16637
1090195971 16629
1090196144 16631
1090236056 16643
1090236582 16642
1090236946 16641
1090241340 16647
1090247122 16647
1090249973 16668
1090262245 18019
1090264791 18018
1090264967 18018
1090265701 17935
1090266518 17954
1090267435 17863
1090268604 18313
1090270648 18316
1090271305 18316
1090271774 18316
1090272160 18313
1090272180 18308
1090273140 18300
1090273321 18307
1090274608 18307
1090327245 18307
1090332810 18307
1090344806 19249
1090345670 19318
1090345725 19318
1090355897 19318
1090357449 19332
1090359801 19340
1090362316 19308
1090363528 19309
1090365418 19574
1090365551 17009
1090366673 17009
1090369813 17011
1090370033 16984
1090370841 16984
1090371076 16984
1090371559 16985
1090410531 16982
1090411419 17005
1090412839 17006
1090413431 17006
1090420425 16872
1090439501 16875
1090441521 16877
1090446904 16880
1090450617 16880
1090455365 16884
1090458683 16866
1090462435 16867
1090463045 16868
1090484450 16871
1090489749 16863
1090535829 16871
1090585225 16862
1090587199 16862
1090587521 16866
1090609789 16865
1090616538 16865
1090671876 16841
1090674049 16845
1090685272 16845
1090685717 16848
1090701267 16846
1090711221 16939
1090720147 16968
1090764979 16331
1090770904 16966
1090771043 16329
1090771951 16329
1090778153 16325
1090779711 16323
1090780310 16332
1090780371 17118
1090781182 16968
1090781731 16322
1090785067 16322
1090785461 16322
1090796623 16322
1090837124 16324
1090842749 16318
1090874583 16318
1090875145 16318
1090875365 16318
1090942157 16326
1090952836 16326
1090953303 16328
1090962991 16329
1091143012 17174
1091144841 17208
1091154288 17208
1091156190 17210
1091156432 17210
1091214926 17263
1091225345 17265
1091271897 17267
1091273288 17265
1091274272 17266
1091278979 17031
1091280331 17033
1091285713 17033
1091289011 17033
1091367670 17030
1091387953 17031
1091388000 17035
1091388112 17035
1091390845 17058
1091391150 17059
1091394662 17063
1091399962 17081
1091400162 17082
1091401874 17084
1091401903 17104
1091402571 17105
1091437333 17102
1091470979 18664
1091482211 17104
1091492774 17105
1091520546 17114
1091578263 17114
1091604055 17114
1091613139 17114
1091619368 17097
1091660399 17321
1091783270 17443
1091801639 17479
1091829963 17536
1091860295 17566
1091906332 17565
1091988150 17583
1092152252 17581
1092162665 17583
1092180291 17584
1092246993 16944
1092266938 16945
1092313142 16950
1092314931 16950
1092323609 17589
1092609755 17610
1092695550 17616
1092745620 17614
1092826569 17353
1092834452 17288
1092863617 17288
1092934601 17282
1093021702 17282
1093022931 17287
1093044362 17291
1093048154 17291
1093097124 17288
1093296598 16724
1093471410 16744
1093591620 16747
1093600605 16571
1093644681 16610
1093644994 16605
1093655500 16614
1093720075 16614
1093913693 16619
1093968341 16628
1094042368 16628
1094063314 17267
1094124904 17269
1094328137 17266
1094338202 17293
1094406434 17293
1094415553 17331
1094486875 17333
1094488240 17334
1094499493 17347
1094575810 17340
1094587668 17323
1094594194 17306
1094637436 17306
1094639594 17306
1094655932 17314
1094656884 17315
1094677900 17322
1094679824 17314
1094841433 17316
1095035260 16674
1095155945 16675
1095157405 16682
1095157640 16682
1095157666 16682
1095239007 16684
1095264899 16692
1095499917 17722
1095507217 16692
1095510334 16184
1095510361 16745
1095512203 18286
1095513238 18283
1095513783 19088
1095519965 18704
1095523845 18704
1095548264 18436
1095555395 18441
1095586223 18442
1095602923 18444
1095617195 18444
1095620452 18444
1095623196 18444
1095624018 18451
1095626946 18451
1095628430 18451
1095630282 18451
1095632718 18455
1095641162 18461
1095645813 18461
1095669136 17656
1095678452 17656
1095679671 17656
1095681133 17659
1095682814 17661
1095712272 17663
1095715725 17690
1095792960 17739
1095880691 17739
1095882411 17741
1095884962 17109
1095885239 17109
1095890258 17122
1095970774 17758
1096018651 17783
1096111764 17783
1096116295 17814
1096123681 17838
1096138142 17840
1096145095 17843
1096212219 17851
1096223399 17884
1096224923 17890
1096225183 17910
1096231175 17549
1096233293 17549
1096234679 17552
1096235274 17552
1096235520 17627
1096281943 17626
1096285332 17631
1096317122 17631
1096318557 17636
1096322051 17636
1096352328 17635
1096357563 17635
1096358913 17635
1096362360 17635
1096362439 17635
1096362862 17635
1096370421 17652
1096372806 17655
1096380574 17661
1096385465 17663
1096406327 17677
1096441917 17696
1096442852 17697
1096450431 17706
1096454071 17709
1096455452 17708
1096458843 17721
1096468925 17721
1096470776 17721
1096492252 17725
1096498317 17729
1096500040 17729
1096500864 17735
1096502259 17734
1096503550 17735
1096504564 17736
1096506564 17760
1096532671 17762
1096542558 17791
1096548659 17791
1096549412 17798
1096555320 17803
1096559526 21125
1096587247 21125
1096629470 21199
1096657025 21199
1096678580 21201
1096714099 21201
1096718943 21205
1096737409 21204
1096751772 21201
1096803076 21200
1096831878 21233
1096831992 21233
1096832308 21233
1096834791 21302
1096840053 21346
1096840516 21348
1096841754 21338
1096844002 21356
1096892620 21364
1096898180 21388
1096905156 21388
1096917385 21438
1096920143 21448
1096920847 21451
1096923607 21603
1096932414 21670
1096965713 21683
1096968993 21807
1096969668 21809
1096975066 21910
1096976509 21910
1096994648 21911
1097001846 21917
1097012291 21917
1097013568 21919
1097067274 21949
1097078766 21980
1097095190 22120
1097096959 22128
1097140927 22128
1097159915 22149
1097165311 22171
1097186518 22180
1097187532 22183
1097188946 22190
1097190341 22188
1097190756 22188
1097198529 22188
1097205535 22192
1097222660 22194
1097247265 22195
1097252190 22240
1097263756 22196
1097349778 22202
1097443029 22202
1097456530 22223
1097484293 22224
1097516564 22224
1097529372 22233
1097543515 22238
1097544152 22237
1097545185 22237
1097546039 22240
1097579976 22257
1097580403 22272
1097580862 22274
1097582508 22279
1097584830 22280
1097588192 22280
1097606055 22280
1097611681 22289
1097621797 22297
1097624740 22297
1097658734 22297
1097659591 22299
1097660494 22299
1097673799 22301
1097676215 22284
1097710453 22709
1097711999 22703
1097715689 22903
1097716674 22988
1097747684 22990
1097780940 22990
1098039747 22998
1098042334 23000
1098107064 23000
1098273319 23022
1098284225 23022
1098342049 23048
1098342834 23049
1098343162 23052
1098343347 23059
1098344818 23065
1098353732 23067
1098361677 23096
1098370267 23193
1098371107 23193
1098388584 24159
1098431742 24384
1098436233 24400
1098460584 24399
1098537549 24428
1098579592 24428
1098649694 25170
1098655747 25170
1098707055 25170
1098707934 25169
1098740262 25192
1098796723 25191
1098915326 25206
1098924231 25236
1098940065 25245
1099004829 25245
1099007083 25674
1099041007 25674
1099083288 25704
1099087271 25704
1099087633 25704
1099088570 25706
1099090904 25707
1099092275 25707
1099130981 25706
1099131695 25718
1099134155 25784
1099150200 25367
1099152145 25370
1099153442 25376
1099156832 25376
1099172810 25379
1099173356 25378
1099174989 25394
1099180210 25394
1099208694 25394
1099211850 25394
1099247304 25408
1099249881 25408
1099292215 25440
1099418266 25440
1099433793 25446
1099434920 25446
1099436479 25446
1099469602 25446
1099492469 25460
1099605055 25460
1099607487 25504
1099635596 25506
1099668629 25507
1099687060 25510
1099705152 26183
1099768920 26235
1099772305 26235
1099861293 26235
1099915588 26236
1099919760 26253
1099944894 26256
1099958335 26258
1100021720 26258
1100029807 26258
1100124882 26242
1100205791 26279
1100211093 26279
1100218944 26279
1100259103 26312
1100303061 26312
1100347885 26352
1100369391 26367
1100398335 26383
1100444368 26786
1100534600 26790
1100534742 26793
1100537341 26801
1100549557 26801
1100630209 26828
1100635448 26828
1100647609 26835
1100716500 26838
1100724694 26820
1100727066 26828
1100813070 26866
1100871850 27054
1100872098 27054
1100902317 27089
1100949756 27078
1100979330 27089
1100994689 27122
1101048706 27122
1101050737 27126
1101055934 27134
1101067436 27138
1101074516 27290
1101082883 27290
1101086610 27293
1101091175 27299
1101207745 27299
1101208216 27303
1101213114 27291
1101300369 27317
1101300518 27317
1101388502 27323
1101471933 27352
1101474188 27369
1101497654 27373
1101506931 27369
1101514270 27369
1101555408 27369
1101557109 27377
1101679750 27496
1101680475 27496
1101680780 27517
1101751399 27594
1101754505 27594
1101756117 27608
1101766180 27674
1101841819 27674
1101843124 27561
1101844748 27585
1101846465 27531
1101851271 27531
1101852469 27531
1101863597 27531
1101896711 27526
1101898252 27528
1101933551 27528
1101996716 27526
1102000824 27550
1102002120 27562
1102004548 27561
1102005932 27567
1102006181 27567
1102007103 27593
1102017590 27633
1102018857 27636
1102018992 27638
1102028203 27665
1102317970 27705
1102322420 27777
1102327489 27789
1102330642 27797
1102331306 27787
1102332024 27787
1102332178 27804
1102333507 27803
1102334387 27803
1102334612 27909
1102334765 28031
1102335660 28039
1102337409 28103
1102337816 28103
1102339675 28105
1102340036 28108
1102341512 28108
1102345578 28111
1102356660 28125
1102366500 28125
1102373402 28132
1102414765 28136
1102416081 28137
1102416493 28132
1102418517 28144
1102419208 28146
1102420204 28150
1102423056 28157
1102430263 28179
1102442807 28155
1102446898 28159
1102447430 28162
1102457116 28162
1102457867 28171
1102458395 28171
1102459500 28171
1102467810 28175
1102468777 28187
1102469389 28186
1102497341 28197
1102498544 28197
1102500335 28210
1102501328 28212
1102513590 28212
1102550672 28213
1102554733 28227
1102556956 28227
1102591148 28240
1102596105 28242
1102596346 28250
1102606493 28273
1102607644 28274
1102608462 28271
1102608801 28277
1102609253 28277
1102623665 28277
1102627292 28278
1102628187 28278
1102636298 28292
1102685419 28292
1102690286 28292
1102707972 28298
1102712399 28298
1102745123 28298
1102753946 28298
1102768844 28453
1102772212 28466
1102784463 28491
1102793295 28530
1102797281 28528
1102798548 28543
1102801858 28543
1102804557 28543
1102805192 28543
1102847079 28534
1102849399 28709
1102850763 28738
1102854226 28738
1102855024 28755
1102855787 28962
1102857146 28962
1102859891 28978
1102861364 28984
1102885973 29153
1102886453 29153
1102888856 29153
1102891482 29109
1102891672 29109
1102959139 29111
1102964053 29112
1102970868 29112
1103027342 29114
1103033988 29114
1103061714 29114
1103139374 29125
1103144035 29125
1103212420 29125
1103214104 29125
1103234602 29126
1103235839 29128
1103236545 29128
1103263421 29128
1103283439 29132
1103311684 29139
1103319695 29139
1103360671 29144
1103380309 29169
1103412099 29202
1103450457 29227
1103501887 29247
1103536446 29249
1103630318 29253
1103677296 29314
1103751112 29351
1103993936 29378
1103999599 29424
1104085800 29429
1104096682 29446
1104179010 29500
1104239612 29898
1104254799 29969
1104270944 29970
1104273466 30192
1104303921 30195
1104325269 30196
1104345723 30076
1104365914 30077
1104416912 36166
1104417296 36167
1104432832 36167
1104437051 36168
1104502892 36170
1104508018 36039
1104523321 36005
1104588773 36837
1104589800 36848
1104593363 36850
1104595363 36852
1104596262 36855
1104604299 37010
1104605223 37024
1104605362 37024
1104609599 37038
1104610745 37046
1104610845 37045
1104611150 37045
1104616142 37039
1104620479 37045
1104626263 37031
1104632776 37010
1104679128 37011
1104679380 37011
1104689574 37073
1104692190 37097
1104717351 37110
1104717375 37110
1104730520 37112
1104757493 37123
1104759938 37123
1104764402 37123
1104832554 37123
1104841611 37154
1104850341 37154
1104850780 37154
1104851138 37157
1104880183 37164
1105028244 37172
1105036784 37172
1105039810 37184
1105047917 37195
1105049858 37197
1105110684 37193
1105114384 37197
1105114428 37195
1105115036 37196
1105115894 37202
1105140258 37256
1105143847 37256
1105197390 37281
1105198414 37475
1105204703 37483
1105275077 37486
1105275587 37487
1105277771 37497
1105280448 37497
1105313748 37504
1105314668 37504
1105317352 37508
1105454970 37897
1105455451 37897
1105467266 37880
1105470026 37880
1105476456 37916
1105479801 37922
1105486588 37981
1105489395 37980
1105520699 38022
1105521268 38026
1105523323 38045
1105528019 38068
1105559573 38113
1105564836 38119
1105572343 38120
1105617828 38121
1105620455 38121
1105737128 38122
1105745310 38138
1105751058 38142
1105754258 38293
1105782335 38291
1105901571 38319
1105942502 38327
1105946859 38526
1106005730 38573
1106013698 38606
1106014210 38606
1106047471 38627
1106053749 38711
1106056564 38719
1106086574 38775
1106138869 38779
1106181183 38780
1106181630 38780
1106187543 38789
1106221169 38956
1106253569 38953
1106266529 38965
1106298660 38974
1106299614 38987
1106303484 39002
1106313541 39042
1106322512 39068
1106339046 39072
1106341810 39103
1106384443 39116
1106412990 39115
1106427135 39155
1106464509 39185
1106465914 39196
1106508386 39196
1106509219 39223
1106511560 39223
1106511719 39223
1106515124 39232
1106518404 39228
1106518825 39227
1106527472 39227
1106564826 39236
1106566102 39236
1106597345 39238
1106597513 39239
1106598559 39240
1106602884 39250
1106606210 39236
1106666933 39254
1106668622 39253
1106691300 39251
1106748532 39259
1106794901 39259
1106828873 39289
1106833355 39281
1106858264 39277
1106866195 39286
1106872258 39290
1106873375 39299
1106934037 39299
1106942549 39305
1107124571 39017
1107126374 39027
1107175731 39031
1107202919 39034
1107206373 39035
1107208607 39023
1107210588 39023
1107215218 39023
1107221060 39023
1107251786 39035
1107289296 39035
1107305892 39043
1107337790 39068
1107364089 39114
1107365114 39138
1107365553 39076
1107380071 39076
1107540952 39072
1107611518 39073
1107632772 39078
1107633432 39098
1107637900 39100
1107640447 39107
1107650530 39127
1107651761 39066
1107651946 39065
1107652017 38948
1107652508 38952
1107654664 38938
1107654712 38938
1107655356 38940
1107655819 38942
1107656668 38936
1107657828 38929
1107658440 38934
1107660138 38844
1107661479 38844
1107680624 38843
1107692734 38834
1107693032 38839
1107698483 38841
1107702342 38841
1107715348 38930
1107716077 38800
1107717409 38802
1107717823 38806
1107718026 38806
1107719796 38746
1107720559 38747
1107722150 38754
1107723328 38754
1107723523 38754
1107724362 38676
1107726151 38766
1107726450 38766
1107726893 38766
1107729543 38767
1107732424 38780
1107733556 38805
1107734426 38805
1107738946 38814
1107739869 38814
1107740011 38821
1107783395 38823
1107786774 38824
1107788190 38832
1107788899 38831
1107798846 38836
1107800232 38832
1107806349 38811
1107807814 38812
1107814571 38814
1107821636 38703
1107827883 38772
1107829150 38773
1107830139 38774
1107831894 38781
1107846160 38725
1107848321 38725
1107849226 38719
1107849912 38719
1107862176 38717
1107869277 38728
1107869433 38735
1107869717 38735
1107876586 38735
1107881308 38741
1107882845 38738
1107885487 38807
1107886776 38807
1107895215 38807
1107895729 38808
1107899776 38811
1107904115 38811
1107904792 38769
1107906649 38776
1107910064 38771
1107940834 38759
1107960716 38760
1107977323 38762
1107981679 38764
1107985151 38764
1107985673 38764
1108031291 38764
1108031776 38768
1108032671 38770
1108062222 38814
1108066801 38823
1108068270 38828
1108069223 38827
1108071111 38823
1108071842 38823
1108074315 38830
1108077017 38849
1108081376 38847
1108097310 38910
1108098355 38914
1108108329 38916
1108108809 38871
1108110267 38868
1108123105 38879
1108125313 38890
1108128532 38886
1108138427 38886
1108149707 38930
1108150964 38930
1108160310 38935
1108167903 38936
1108170683 38936
1108172855 38935
1108199756 38984
1108211675 38971
1108215299 38967
1108218222 38975
1108228466 38974
1108230481 39047
1108231231 38958
1108233386 38971
1108242680 38974
1108245725 39027
1108249248 39028
1108249857 39028
1108252126 39030
1108264439 39052
1108303145 39056
1108303834 39057
1108316854 39097
1108317328 39099
1108345168 39160
1108345570 39162
1108382473 39163
1108382865 39160
1108391786 39163
1108480854 39163
1108489463 39129
1108495878 39139
1108552997 39139
1108580669 39129
1108581633 39130
1108583805 39133
1108615161 39133
1108642211 39134
1108643342 39134
1108646549 39160
1108648447 39210
1108649867 39210
1108656867 39211
1108666180 39217
1108695941 39218
1108742007 39218
1108743084 39193
1108757391 39198
1108766587 39194
1108770764 39197
1108771899 39199
1108815233 39200
1108817933 39053
1108841068 39053
1108856096 39083
1108857054 39086
1108857179 39086
1108865915 39147
1108866480 39147
1108870054 39150
1108879977 39077
1108882202 38985
1108883233 38988
1108883651 38985
1108885067 38994
1108888420 38991
1108888690 38991
1108904515 39002
1108938548 39003
1108941215 39078
1108941540 39083
1108941879 39082
1108949839 39084
1108949895 39233
1108978846 39658
1108983144 39661
1109019088 39699
1109023126 39696
1109023682 39706
1109026675 39730
1109026982 39732
1109077246 39732
1109077932 39732
1109095036 39755
1109098800 39755
1109100318 39755
1109110433 39773
1109114069 39773
1109122831 39781
1109132789 39782
1109188281 39801
1109208867 39808
1109283275 39820
1109284612 39826
1109327381 39827
1109331366 39830
1109334922 39835
1109362886 39835
1109363557 39835
1109364471 39835
1109365747 39841
1109410835 39846
1109425175 39850
1109458338 39851
1109537089 39850
1109537407 39856
1109542702 39865
1109544139 39886
1109545626 39889
1109546339 39892
1109548884 39902
1109592272 39913
1109624544 39915
1109625985 39916
1109631340 39916
1109634023 39931
1109634445 39933
1109673214 39971
1109677410 39974
1109716646 39981
1109718241 39975
1109719979 39975
1109720376 39975
1109722560 39975
1109724051 40005
1109746746 40005
1109777068 40005
1109821280 40051
1109905768 40054
1109907112 40057
1110000089 40045
1110007449 40056
1110027976 40056
1110053556 40072
1110067574 40067
1110137796 40067
1110150288 40069
1110169736 40098
1110240466 40099
1110324425 40306
1110324710 40283
1110350042 40287
1110409615 40329
1110409754 40329
1110449077 40366
1110476730 40382
1110486147 40425
1110493765 40473
1110494128 40476
1110571032 40528
1110571650 40528
1110581187 40528
1110612503 40530
1110613076 40536
1110618697 40544
1110619409 40547
1110623291 40554
1110630413 40558
1110715919 40565
1110731720 40557
1110736906 40568
1110737825 40568
1110746762 40598
1110747143 40598
1110748439 40598
1110801972 40600
1110830994 40654
1110833063 40644
1110834157 40645
1110838841 40645
1110899499 40649
1110906738 40649
1110911999 40651
1110915908 40662
1110920301 40674
1110925295 40702
1110925345 40702
1110928227 40702
1110968480 40702
1111010992 40718
1111053215 40733
1111092858 40740
1111097228 40754
1111098543 40754
1111189655 40817
1111191086 40817
1111223211 40818
1111239255 40812
1111240067 40710
1111255824 40709
1111263428 40746
1111266485 40758
1111268056 40759
1111270823 40763
1111281448 40763
1111308000 40774
1111421886 40783
1111506386 40802
1111616148 40808
1111625890 40808
1111658625 40809
1111791257 40809
1111826765 40828
1111829337 40543
1112099090 40543
1112129852 40565
1112130018 40543
1112200077 40543
1112258778 40548
1112265013 40575
1112266579 40576
1112285662 34652
1112290204 34654
1112291220 34702
1112298946 34696
1112394760 34803
1112419938 34803
1112437739 34864
1112438391 34864
1112443902 34863
1112476829 34870
1112483570 34870
1112524756 34890
1112527739 34925
1112539600 34925
1112615314 34965
1112625866 35098
1112626226 35103
1112627303 35143
1112630728 35145
1112650385 35257
1112732216 35309
1112740219 35328
1112776947 35337
1112784345 35343
1112788338 35343
1112793455 35361
1112816825 35372
1112817892 35372
1112827955 35421
1112867772 35421
1112869880 35425
1112876624 35426
1112920918 35425
1113143968 35425
1113144571 35425
1113144874 35482
1113214242 35540
1113221339 35564
1113223491 35569
1113239743 35605
1113242054 35609
1113242847 35615
1113246779 35627
1113264429 35632
1113300604 35632
1113326218 35649
1113335221 35660
1113335546 35670
1113382980 35622
1113394509 35055
1113466968 35067
1113491515 35083
1113492838 35085
1113503170 35085
1113509122 35158
1113513579 35165
1113517634 35104
1113593805 35102
1113596127 35104
1113597356 35105
1113597905 35105
1113598117 35105
1113601013 35133
1113638352 35129
1113647154 35134
1113649526 35135
1113651375 35135
1113697957 35135
1113744224 35176
1113820794 35187
1113856082 35202
1113915847 35197
1113946271 35204
1113980726 35204
1113990932 35266
1113993070 35268
1114000716 35303
1114006774 35330
1114014162 35332
1114022026 35356
1114028067 35393
1114030700 35392
1114033071 35393
1114073236 35397
1114077772 35415
1114078814 35415
1114104639 35419
1114107164 35400
1114109191 35400
1114111424 35421
1114154038 35434
1114163785 35433
1114202268 35585
1114244629 35648
1114248485 35669
1114252860 35556
1114349544 35616
1114410232 35618
1114513223 35640
1114513828 35646
1114520999 35646
1114522831 35661
1114523240 36347
1114544628 36375
1114547327 36379
1114547441 36379
1114549861 36379
1114551077 36379
1114552010 36310
1114552800 36333
1114554477 36336
1114557067 36341
1114557176 36341
1114593403 36407
1114603768 36486
1114604945 36503
1114605920 36504
1114624576 36537
1114639356 36535
1114683404 36540
1114687567 36543
1114688645 36543
1114695028 36553
1114714113 36555
1114720136 36558
1114725785 36675
1114725959 36675
1114726912 36675
1114765759 36711
1114794768 36716
1114813592 36744
1114815531 36744
1114824593 36866
1114872708 36871
1114886130 36874
1114890438 37648
1114892109 37648
1114892464 37651
1114893972 37160
1114899469 37244
1114941050 37244
1114943020 37615
1114949341 37615
1114950592 37620
1114953474 37619
1114954472 37620
1115018256 37622
1115025416 37637
1115075024 37638
1115124913 37640
1115141303 37658
1115194352 38707
1115289790 38902
1115298743 38904
1115418281 38904
1115420016 38905
1115427777 38907
1115432504 38903
1115432647 38903
1115490741 38908
1116070636 38905
1116082165 38948
1116091530 38948
1116093502 38948
1116105591 38960
1116185582 38976
1116185719 38976
1116188509 38988
1116256103 39002
1116262901 39023
1116269522 39066
1116340618 39065
1116360943 39065
1116483328 38950
1116592530 38957
1116778822 38965
1116780070 38968
1116780157 38969
1116780406 38969
1116882163 38969
1116965557 38969
1116966478 38969
1117037415 38998
1117038922 39072
1117063533 39072
1117148210 39064
1117148687 39065
1117189182 39067
1117189407 39129
1117279587 39233
1117280946 39234
1117308943 39458
1117309197 39458
1117361305 39458
1117395373 39489
1117562644 39489
1117574429 39710
1117574677 39710
1117658969 39693
1117660203 39682
1117662657 39711
1117664005 39702
1117699770 39702
1117801198 39702
1117801893 39705
1117805581 39704
1117806972 39706
1117972541 39726
1118167080 39726
1118263562 39774
1118267162 39779
1118274829 40016
1118280078 40016
1118280331 40016
1118286725 40034
1118351986 39532
1118353575 39507
1118437189 39237
1118486004 39223
1118745194 39223
1118755048 39223
1118821639 39224
1119189754 39244
1119211812 39249
1119312709 39249
1119340838 39255
1119791365 39255
1120487812 39285
1120679704 39321
1120679740 39321
1120759498 39321
1122415024 39321
1122415469 39321
1122415494 39321
1122416165 39040
1122416582 39055
1122416673 39055
1122417300 39052
1122417345 39052
1122418055 39052
1122418475 39052
1122420317 39270
1122420415 42746
1122422761 36073
1122424519 36140
1122424778 36141
1122426360 36170
1122427068 36169
1122470118 36169
1122470439 36169
1122470922 36665
1122471057 36173
1122472035 36159
1122472141 36159
1122485492 36159
1122498200 35155
1122560202 35155
1123116908 35179
1123623153 35179
1126455675 35179
1126810299 35180
1126811310 35180
1128854357 35226
1130891698 35226
1131569167 35227
1131628633 35227
1135018903 35228
1136313637 35257
1140404141 35269
1140821853 35271
1140822001 35217
1140822217 35231
1140823543 35205
1141084546 35205
1141084741 35205
1144794229 35060
1146497603 35059
1146497729 35059
1146497962 35019
1146497986 35056
1146525212 35224
1162989990 35231
1162990425 35231
1202927712 53078
1203099241 53086
1203103578 53078
1203106043 53078
1203245958 53108
1203246408 53109
1203613414 53171
1203614024 53181
1204794154 53181
1205592385 53182
1206213478 53182
1209727234 53184
1209926769 53184
1210695701 53192
1210696642 53206
1213446860 53159
1213458799 53160
1213460089 53160
1213461022 53160
1213463999 53160
1213464498 53160
1213634520 53182
1213644924 53182
1213646413 53184
1213724996 53186
1215945612 53246
1215956952 53651
1215964107 53647
1217974362 53647
1217976605 53665
1218810687 53663
1218811084 53664
1219477889 53693
1219920993 53693
1223749512 53706
1226073456 53706
1226695390 53706
1226698623 53818
1226701417 53878
1227204663 53914
1227444988 53920
1227446135 53921
1228258972 53921
1230413007 53925
1230416920 53944
1230420668 53953
1230478888 54257
1230514147 54259
1230514764 54273
1230638863 54278
1230838399 54289
1230838909 54289
1230894751 54348
1230939096 54350
1231010144 54422
1231065446 54421
1231452772 54425
1231506425 54429
1231750596 55275
1231765148 55290
1231767722 55309
1231772600 55343
1231809327 55345
1231860448 55347
1231915538 55353
1231929624 55361
1232016917 55466
1232040144 55495
1232104914 55497
1232283484 55497
1232707681 55498
1232799724 55498
1232884598 55503
1232970258 55505
1233523296 55505
1235237134 55521
1236969148 55517
1236969358 55519
1236969612 55519
1236973104 55524
1236985459 55582
1236988450 55584
1237034946 55584
1237036382 55584
1237038296 55586
1237139545 55611
1237151989 55617
1237486173 55619
1237499279 55633
1237501260 55638
1237643840 55438
1237836044 55437
1237907447 55442
1237920127 55449
1238402081 55445
1238465716 55453
1238487980 55453
1238496911 55466
1238505863 55337
1238507376 55333
1238922430 55334
1239107540 55339
1239111103 55427
1241201520 55429
1241203388 55429
1241203566 55429
1241212930 55431
1241226389 55431
1241233602 55435
1263295273 55535
1312240753 55661
1312244763 55694
1312763723 55728
1313017317 55725
1313087280 55736
1313093084 55746
1313182502 55916
1313193107 55990
1313194363 55999
1313447382 55999
1313625508 56002
1313800038 56020
1313888493 56045
1315356470 56110
1315436327 56110
1315923321 56487
1316394301 56495
1316430678 55978
1316476812 55979
1316639189 56083
1317070337 56237
1317590920 56258
1317843788 56290
1319290266 56306
1321055876 56314
1322168434 56322
1322240706 56323
1322785034 56324
1323544700 56326
1323566725 56441
1323567333 56710
1323608776 56712
1323609100 56712
1323647399 56713
1323782726 56717
1324083623 56739
1324572876 56769
1326066597 56849
1326199838 56850
1326199970 56851
1326931391 56857
1328054046 56860
1328968139 56863
1340457931 56864
1340495814 56894
1340496918 56895
1340875524 56896
1340875684 56896
1340876003 56896
1340876551 56901
1340918930 56922
1347087677 55535
1347089140 56952
1347495672 56953
1347495984 56954
1347496077 56955
1347496289 56995
1347656616 56986
1347811353 56988
1348045304 56989
1348046558 56989
1348331207 56990
1348526628 57084
1348616395 57011
1358387815 57025
1358389617 57029
1361059010 57033
1373239887 57034
1373310895 57080
1373833626 57086
1373927049 57131
1384568486 57138
1384568639 57155
1387497870 57161
1388969477 57227
1390529108 57332
1390531156 57333
1398541806 57343
1398542490 57343
1402826908 57344
1403559674 57347
1403821862 57356
1405455557 57357
1406154197 57386
1407794244 57392
1407798998 57382
1407800087 57383
1410558320 57382
1410562486 57505
1410817097 57507
1417299786 57509
1417705168 57848
1417729839 57849
1417817290 57858
1417817839 57863
1417910535 57863
1417913045 57863
1417915789 57874
1417916018 57869
1417916095 57875
1417916804 57875
1417994948 57884
1418687250 57908
1428958977 57909
1429557761 57918
1429566123 57919
1429914947 57919
1430523500 57932
1430591052 57932
1430727792 57933
1431037425 58033
1431381657 58038
1431381807 58039
1437340328 58039
1437785295 58040
1437954310 58072
1439069581 58009
1439071765 58012
1449603872 58030
1449918176 58041
1449918796 58059
1449919730 58071
1449920957 58085
1449934371 58172
1452988009 58723
1452990345 58724
1453763567 58735
1457604843 58737
1457809429 58737
1464386399 58749
1464387089 58752
1464390088 58754
1464390652 58757
1465302196 58768
1465302786 58825
1465303464 58825
1465512796 58869
1465561409 58872
1476220706 58872
1480626802 58873
1480627375 58874
1484744709 58876
1484866882 58877
1484867453 58875
1484868132 58875
1485286411 58876
1485907847 58887
1485908120 58889
1486979871 58891
1486994749 58928
1486994944 58928
1489139416 58931
1489139844 58931
1489141210 58930
1489148507 58947
1489502837 58956
1497550031 58950
1497550345 58950
1497550921 58951
1497563084 58958
1497565189 58958
1498339084 58970
1498344820 58971
1499637853 58972
1499638043 58977
1499638618 58978
1499641869 58986
1509393662 58992
1511174556 59019
1511175925 59020
1511208860 59021
1514256461 59050
1514301916 59052
1545611275 59075
1565897921 59075
1565898042 59076
1565904451 59087
1565904536 59089
1575577913 59102
1581159560 59294
1582154524 59289
1582155821 59291
1582410075 59301
1582415313 59306
1582585675 59335
1583710156 59336
1588719611 59338
